&cntrl
imin 		= 0
nstlim 		= 1000
numexchg 	= 500
dt 		= 0.001
irest 		= 1
ntx 		= 5
ntxo 		= 1
ntc 		= 1
ntf 		= 1
tishake 	= 1 
ntwx 		= 10000
ntwr 		= 5000
ntpr 		= 1000
cut 		= 8
iwrap 		= 1



ntb 		= 1 
temp0 		= 298.
ntt 		= 3
gamma_ln 	= 2.
tautp 		= 1 
ntp 		= 0

ifsc 		= 1
icfe 		= 1

ifmbar 		= 1
bar_intervall 	= 1
mbar_states 	= 21
mbar_lambda 	= 0.00000000 0.05000000 0.10000000 0.15000000 0.20000000 0.25000000 0.30000000 0.35000000 0.40000000 0.45000000 0.50000000 0.55000000 0.60000000 0.65000000 0.70000000 0.75000000 0.80000000 0.85000000 0.90000000 0.95000000 1.00000000

clambda 	= 0.05000000
timask1 	= "@1-8"
timask2 	= "@9-14"
crgmask 	= ""
scmask1 	= "@7-8"
scmask2 	= ""
scalpha 	= 0.5
scbeta 		= 1.0

gti_cut 	= 1
gti_output	= 1
gti_add_sc 	= 5
gti_scale_beta	= 1
gti_cut_sc_on 	= 6
gti_cut_sc_off 	= 8
gti_lam_sch 	= 1
gti_ele_sc 	= 1
gti_vdw_sc 	= 1
gti_cut_sc 	= 2
gti_ele_exp 	= 2
gti_vdw_exp 	= 2
gremd_acyc 	= 1 
/
 &ewald
 /
